4294967279,267
4294967279,259
4294967279,362
4294967294,18
4294967294,127
4294967294,14
4294967294,126
4294967294,20
4294967294,13
4294967294,104
4294967294,106
4294967294,162
4294967278,201
4294967278,395
4294967278,247
4294967278,380
4294967278,367
4294967278,416
4294967279,115
4294967279,232
4294967279,108
4294967279,107
4294967279,222
4294967279,105
4294967279,323
4294967279,96
4294967279,94
4294967279,326
4294967279,93
4294967279,311
4294967279,92
4294967279,565
4294967279,91
4294967279,90
4294967279,89
4294967279,86
4294967279,84
4294967279,338
4294967279,530
4294967278,401
4294967278,191
4294967279,191
4294967278,185
4294967279,185
4294967279,184
4294967279,178
4294967278,306
360,6
360,5
360,4
360,3
360,2
360,1
4294967279,361
4294967278,156
4294967279,155
0,5
357,7
4294967278,147
4294967279,146
357,6
357,5
357,4
4294967279,141
357,3
357,2
357,1
4294967279,564
4294967278,292
4294967279,563
354,5
4294967278,265
354,4
354,3
354,2
354,1
353,7
4294967278,355
4294967294,1091
353,6
353,5
353,4
353,3
353,2
353,1
4294967294,437
4294967278,251
4294967278,236
4294967278,228
4294967278,384
350,7
4294967279,534
4294967279,525
4294967279,556
4294967278,207
350,6
350,5
350,4
350,3
350,2
350,1
4294967278,353
4294967278,348
4294967294,50
4294967279,324
4294967278,345
4294967279,189
4294967278,183
347,5
347,4
347,3
347,2
347,1
4294967278,182
4294967279,182
4294967278,181
4294967279,181
4294967279,363
4294967278,179
4294967294,414
4294967294,406
4294967294,384
4294967294,113
4294967279,553
345,6
4294967279,299
4294967278,304
4294967278,379
4294967279,175
345,5
4294967278,172
345,4
345,3
345,2
345,1
4294967278,170
4294967278,359
4294967279,359
4294967278,168
4294967294,5
4294967294,25
4294967279,554
4294967294,81
4294967278,255
4294967278,343
4294967278,163
4294967279,162
344,5
344,4
344,3
344,2
344,1
4294967294,27
4294967278,339
4294967279,321
342,4
342,3
342,2
342,1
4294967278,149
4294967294,401
4294967294,170
4294967294,1094
4294967278,334
4294967279,520
4294967294,43
4294967278,138
4294967278,136
4294967278,388
4294967294,7
4294967279,558
4294967278,262
4294967279,512
4294967294,67
4294967278,351
4294967279,571
4294967278,326
4294967279,542
4294967294,93
4294967294,95
4294967279,345
4294967278,226
4294967279,215
4294967294,83
4294967294,1098
4294967294,398
4294967294,412
4294967294,184
4294967294,397
4294967294,416
4294967294,411
4294967279,557
4294967279,312
4294967278,386
4294967279,207
4294967278,206
4294967294,1002
4294967294,1011
4294967278,200
4294967279,190
4294967279,555
334,5
334,4
334,3
334,2
334,1
4294967278,405
4294967278,323
4294967278,260
4294967278,171
331,7
4294967279,526
331,6
331,5
4294967279,151
331,4
331,2
331,1
4294967278,447
4294967278,333
4294967279,272
4294967278,280
328,5
328,4
328,3
328,2
328,1
4294967279,257
326,6
4294967279,256
326,5
4294967278,258
326,4
326,3
326,2
326,1
4294967278,413
325,5
325,4
325,3
325,2
325,1
4294967294,396
4294967294,403
4294967294,1005
4294967294,405
4294967294,457
4294967294,466
4294967294,386
4294967279,552
4294967278,240
4294967278,234
323,4
323,3
323,2
323,1
4294967278,230
4294967278,389
4294967279,531
4294967279,573
4294967279,209
4294967278,204
4294967293,131
4294967293,130
4294967293,129
4294967293,128
4294967293,127
4294967293,126
4294967293,125
4294967293,124
4294967293,123
4294967293,122
4294967293,121
4294967293,120
4294967293,119
4294967293,118
4294967293,117
4294967293,116
4294967293,115
4294967293,114
4294967293,113
4294967293,112
4294967293,111
4294967293,110
4294967293,109
4294967293,108
4294967293,107
4294967293,106
4294967293,105
4294967293,104
4294967293,103
4294967293,102
4294967293,101
4294967293,100
4294967293,99
4294967293,98
4294967293,97
4294967293,96
4294967293,95
4294967293,94
4294967293,93
4294967293,92
4294967293,91
4294967293,90
4294967293,89
4294967293,87
4294967293,86
4294967293,85
4294967293,84
4294967293,83
4294967293,82
4294967293,81
4294967293,80
4294967293,79
4294967293,78
4294967293,77
4294967293,76
4294967293,75
4294967293,74
4294967293,73
4294967293,72
4294967293,71
4294967293,70
4294967293,69
4294967293,68
4294967293,67
4294967293,66
4294967293,65
4294967293,64
4294967293,63
4294967293,62
4294967293,61
4294967293,60
4294967293,59
4294967293,58
4294967293,57
4294967293,56
4294967293,55
4294967293,54
4294967293,53
4294967293,52
4294967293,51
4294967293,50
4294967293,49
4294967293,48
4294967293,47
4294967293,46
4294967293,45
4294967293,44
4294967293,43
4294967293,42
4294967293,41
4294967293,40
4294967293,39
4294967293,38
4294967293,37
4294967293,36
4294967293,35
4294967293,34
4294967293,33
4294967293,32
4294967293,31
4294967293,30
4294967293,29
4294967293,28
4294967293,27
4294967293,26
4294967293,25
4294967293,24
4294967293,23
4294967293,22
4294967293,21
4294967293,20
4294967293,19
4294967293,18
4294967293,17
4294967293,16
4294967293,15
4294967293,14
4294967293,13
4294967293,12
4294967293,11
4294967293,10
4294967293,9
4294967293,8
4294967293,7
4294967293,6
4294967293,5
4294967293,4
4294967293,3
4294967278,61
4294967278,55
4294967278,54
4294967278,53
4294967278,52
4294967278,51
4294967278,50
4294967278,49
4294967278,48
4294967278,47
4294967278,46
4294967278,45
4294967278,44
4294967278,43
4294967278,42
4294967278,41
4294967278,40
4294967278,39
4294967278,38
4294967278,37
4294967278,36
4294967278,35
4294967278,34
4294967278,33
4294967278,32
4294967278,31
4294967278,174
4294967278,88
4294967278,30
4294967278,29
4294967278,28
4294967278,27
4294967278,26
4294967278,25
4294967278,24
4294967278,23
4294967278,22
4294967278,21
4294967278,20
4294967278,19
4294967278,18
4294967278,17
4294967278,16
4294967278,15
4294967278,14
4294967278,13
4294967278,12
4294967278,11
4294967278,10
4294967278,9
4294967278,8
4294967278,7
4294967278,6
4294967278,5
4294967278,4
4294967279,132
4294967279,131
4294967279,514
4294967279,130
4294967279,129
4294967279,128
4294967279,127
4294967279,126
4294967279,125
4294967279,124
4294967279,123
4294967279,122
4294967279,121
4294967279,120
4294967279,119
4294967279,118
4294967279,117
4294967279,83
4294967279,82
4294967279,81
4294967279,79
4294967279,78
4294967279,73
4294967279,72
4294967279,67
4294967279,64
4294967279,63
4294967279,62
4294967279,55
4294967279,52
4294967279,51
4294967279,49
4294967279,320
4294967279,35
4294967279,27
4294967279,26
4294967279,25
4294967279,23
4294967279,21
4294967279,20
4294967279,13
4294967279,12
4294967279,550
4294967278,196
4294967278,195
4294967279,195
4294967279,194
4294967279,80
4294967278,190
4294967278,186
4294967279,70
4294967279,538
4294967279,69
4294967279,68
4294967279,340
4294967279,66
322,6
322,5
322,4
322,3
322,2
322,1
4294967279,59
4294967278,414
4294967279,549
4294967278,162
4294967279,44
4294967279,358
319,7
4294967279,546
4294967279,42
4294967279,41
4294967279,150
4294967279,147
319,6
319,5
319,4
319,2
319,1
4294967278,446
4294967279,30
4294967279,28
4294967279,574
4294967278,415
4294967279,138
4294967279,136
4294967279,135
4294967278,445
316,5
316,4
316,3
316,2
316,1
4294967294,1095
4294967279,262
4294967279,273
315,7
4294967278,279
4294967279,255
4294967279,547
4294967279,254
4294967279,253
4294967279,572
4294967278,374
4294967279,543
315,6
315,5
315,4
315,3
315,2
315,1
4294967279,250
4294967294,178
4294967294,415
4294967294,460
4294967294,118
4294967294,175
4294967278,253
4294967279,241
4294967279,245
4294967278,244
4294967278,242
4294967278,238
4294967278,237
4294967278,232
4294967278,396
312,7
4294967278,225
4294967294,1015
4294967294,161
4294967279,536
4294967278,387
4294967294,1422
4294967294,1421
4294967278,412
4294967279,217
4294967278,214
4294967279,533
4294967279,211
4294967278,213
312,6
312,5
